202.6820661113584
959.0154261793616
284.7498867127879
390.6459282739544
43.468452241009814
211.01060600735556
935.4097424702875
410.20480103209957
218.71771287184018
297.35896249161897
192.64712529381188
729.1635598717213
245.5552578064737
83.85573000686442
527.2789162979516
940.8128254246752
532.9481396433573
957.8387691123982
506.61456235692515
273.2088581283997
794.8015965622851
668.0660047543327
505.5360511877679
555.4689331850572
664.0414992634637
792.0391310652301
561.6336915208377
91.6180238112133
932.1517856299938
40.642892799533925
676.3073595405326
33.204628055853114
7.581054400206511
849.2270596712707
485.8143968279115
659.2851292279546
511.62794984755266
349.7661841923523
504.5649398510113
696.0095984318995
411.86041574149834
870.4900184175153
77.53603235445772
437.92412180193077
730.8188220636562
567.385045384333
769.4964661231911
969.2386343948592
661.6987578871682
656.2257467553767
165.80370554168067
225.6905162042243
872.9041801571357
984.301831835063
962.8559789127988
986.2686946542943
889.8072499633822
357.76536529827274
785.8512406168618
138.94430962051985
704.7461596637492
123.52989435815675
387.32676449100177
725.687853550208
185.23804601254733
993.9110539202836
752.021870065993
339.4351816178861
425.57868461799154
997.7063894494892
161.92775938333938
419.29717654392726
918.4470051231606
743.1694787739433
459.95807837338896
870.1914908370228
310.82638215213143
886.3417185132215
591.4945487341887
219.20688927386976
552.5015534079419
812.4624310925806
0.13180245167843108
213.39385430387924
445.5839924921067
58.68646466723237
607.2665969164875
362.3079407571318
959.9646119255569
933.0954440133393
914.7461373062223
433.51503765299225
192.28784105815654
117.9973551859509
235.6112796481177
320.40046737447193
514.9862187211017
784.7663941786786
180.03987801723176
19.007173024447766
287.11034705692106
892.9834088348484
301.9167360142832
674.2600570539512
480.13388083936525
898.394474372872
246.02623284814428
785.8175635402368
709.6089937118551
52.21340127381213
826.6842810206406
699.9233575437067
457.4928449017882
838.5515215995623
215.69677779321384
456.01439659571406
720.1608313762332
867.266143059787
820.8516445678745
905.4742336629251
923.5678063888711
716.2765413423105
495.72203952693616
774.803453508577
709.7140057308224
800.4046065683596
437.378738597373
6.611473529108514
117.51698544862954
333.05468970787655
500.679888826972
279.2173538279105
756.3873450575895
842.5551802978306
686.1265551970221
79.27964353147033
802.2500521199482
506.7422470981653
242.84300477332377
81.75825048235995
33.449446637462074
777.3735711631955
169.06093466967943
877.644159103781
667.921044858266
380.21852473560966
889.556763158778
282.27553642172285
463.20819940595936
797.1780297465443
542.8123204434049
555.6917761857276
397.3476236914136
763.5460216210879
620.2385188407278
871.3595012827606
261.3424883885148
146.53179909091284
665.6226512301414
280.73787589991196
662.8877050354912
810.4203022403693
365.02995584435206
238.53256578874516
266.20671257550663
719.2556482686147
635.7106190706346
477.12172498180996
574.3049759607956
579.6904581127675
257.1332886827532
648.5188163467105
197.6400778256512
784.6517580117298
178.08689815769964
688.3710025334314
347.1544466963943
282.7318395648353
880.8629514511252
298.87383263036605
239.8111399955848
268.7203933304899
86.85010368904433
296.1167085827738
211.21917408491052
267.4519133721971
647.4439232390014
822.2551208307127
592.6295822360305
266.1504143403961
679.9949589818913
584.0399461854906
828.5295308429486
39.710805992484225
880.5876037113397
346.6154210338008
886.2559028180517
708.8650080697457
473.7641081034392
885.1316851002831
740.4963843067258
872.9375146923398
443.8770505041663
476.59922375941113
603.2405876478562
366.90389363408127
533.574463653538
800.5465591901809
613.6890603294388
806.7232494339086
991.9924550326309
809.4243394370056
902.8239579237128
607.4230184707864
208.54950460188016
728.3324537817372
303.78973168141346
85.17310389061805
177.8081691682958
848.5295636578844
491.92787221267344
587.5934227034386
206.6889577084625
190.3166296604921
7.255307785241194
335.79724278618284
397.39264367125196
428.269752988674
437.3705553570505
807.1801775704326
217.70670373491674
695.42981955977
20.218100058501776
39.72284117954228
904.9423151624001
12.939331833341171
63.83583034588758
196.58260560090835
540.5685729434622
127.74979632980177
874.1564216526647
94.00808954953254
379.6809440825223
483.40588040498534
332.128107517761
166.1174558822962
422.76101265210764
897.5450812344384
867.8665672241178
516.8396567641964
276.75552237986886
274.63469763473216
342.24399744821864
292.3257280124556
68.322000770216
343.60068644321626
265.26724956953365
596.3944106984713
544.1599478990812
977.3857581109835
855.7923861759313
567.0849447405886
521.665329644087
125.106731529395
678.5677822993272
34.147257971734454
537.7178300823354
767.3643517571188
982.293727362153
385.30758924164354
884.229701191899
591.3912096435403
406.3314206575419
883.405731205595
216.1556612084291
275.10644536129104
423.8899802556352
697.0073505662024
570.9837949105668
367.7784807807495
745.9647696823097
333.8531778228282
948.2974272080556
759.8803303378949
922.9964621476498
999.5143476959798
563.8183697542465
645.854194116388
550.1648431785721
642.8812160407465
514.4122573594345
700.8854691744818
807.4269324305593
95.62040205222489
868.857060655946
916.4185074010754
546.8548540605658
764.4932152223545
133.7459857368669
169.03005278963346
777.5229161742666
793.4358194597922
634.7166550204868
133.4082234334063
192.1401183700796
476.55971210774163
600.268111957678
592.5684271247278
329.818740796175
973.7388035682415
638.7485174108581
547.069808458689
75.81499706579709
57.20708050480572
858.6653842774006
779.8795510178223
461.7735843116372
700.5988350728616
98.29208931724077
694.6637411488344
148.95262296818035
811.1209694587877
602.6130827967297
312.6679640575549
552.1014350458125
301.0552057922007
13.971916163905362
286.9821197587783
293.1082102953352
996.5452239826838
727.3555462050691
672.8681209914805
561.23067107585
589.6319599886162
502.06934451009533
978.9604305999801
0.6675079098051873
953.7581535453028
718.6269676701345
716.533906662872
946.424122031409
663.4705884506155
823.0002149402336
262.6647423247118
185.87135017392143
485.8069592565836
309.9436680223071
357.9940017858886
936.091090554438
943.8615116566638
62.92968614898198
970.9357730540657
396.0480378970117
792.2816708568776
990.2993859332651
577.5547272686257
57.82256112467488
389.95583910026374
675.5556423763604
129.97078936958383
942.5840934901632
506.9099781445174
194.2945175661024
116.03147697820282
64.68073827565712
60.43862736049754
341.0916483351028
149.1249257624755
721.165353779841
639.7540620792201
256.73073363775535
469.39010588708476
654.2742089629359
448.9445503031273
849.4810602476484
586.212756900452
740.8191457617305
474.7908176462218
463.7021820424272
46.77918232911593
625.1500871761169
268.9978223946373
964.8730857715939
976.5918677683384
631.2891585688209
723.6563874541791
782.2144879099951
605.2349406910391
365.0342790942305
614.2570724474757
478.3925280908716
464.3091571849446
648.2738537926448
486.3368675383155
100.36290080911981
324.339582497661
815.4510257103768
669.8466735027514
906.2342230183191
223.59165700525597
946.0600348822699
819.5856498564252
60.1007190126559
134.1145312484332
307.25328590824375
400.5558743691563
540.1131965817486
908.9625503563652
137.0827679372476
963.8494343125706
814.6292585786983
159.42981795483624
911.5948412449608
891.6866946319864
807.1023342501422
622.2641339633002
407.9426115174415
529.4835461594386
292.4408324409877
394.2108525590469
200.8756630711437
268.33211491554374
145.88829869944132
134.86871338697347
711.4118171725173
193.03815202993712
800.0455676777548
968.7237060292109
564.1915797047882
368.8656061691823
856.4772563065545
353.3587068438339
803.9603465553084
704.3965692425409
45.413727318404874
623.2203892798012
471.8196725311562
598.4234180015694
630.3815441518257
266.9572221009238
148.33341897590358
255.54667303510027
914.1645362204748
251.22511215135214
333.27055050402276
638.1607219874891
718.3184875412989
864.9904640723119
950.7113086007988
511.76717006633055
580.5328719024578
625.7429713451451
843.4386711501062
936.0629927188596
942.4527456981796
762.6630662472513
851.9830679010604
856.0094075635666
785.1450806352532
671.6723411197829
961.3822375316605
155.09374487602813
10.21334348076708
523.4275620149994
42.66527653344809
647.2563150926466
361.6349891051882
897.7019164563251
916.2634890917635
4.459986739276833
836.7165954129016
916.229677612518
820.9969930695472
543.6397816278612
344.13163272169345
850.9740773796941
884.9812064099239
129.77660527415048
832.8264002591683
595.9098208443828
863.7422397248564
191.09728258686943
237.64976343199885
707.7954719889613
236.02607642918662
987.9109314518294
365.8827622536137
945.0431849085998
729.2312645581065
828.3496332032225
283.4143973456066
363.6763602243501
484.090551917845
882.2887232899013
850.1302481822125
65.4985360038517
362.1718442375307
608.9805562415277
801.1508450105229
635.979563769506
349.96447012512834
584.4427184172073
173.87724387842496
157.99788798503744
619.7618941961025
691.3997243610551
940.3711195655544
442.46086959066844
570.2473565888167
217.58538852888688
420.41747346292016
777.957646832686
88.63440340330497
397.4701961008197
422.6882475670364
68.98153134562347
351.4090441326013
327.9865483463982
89.7449801629333
705.8928992118867
712.1664448631824
990.5817791320702
107.18984710087732
889.6745000972335
612.7295702640441
319.9375781085082
278.093801074334
420.6659717787022
997.6829288889534
873.9513217076029
460.9016858650019
152.8454830498377
412.6498116476031
680.0833070888
522.3336166582591
413.8602575068695
823.0867683075485
259.93147340441345
266.37318733010494
695.8901264671952
203.063990226929
666.9027881744697
266.25259988480855
833.5610093874615
112.44651752512247
611.1088192315582
148.41550080625143
702.5085481501326
806.0852041970961
391.12018236531554
155.75869366159134
195.82403071909127
900.0728789354233
403.9729356503172
752.0237533459456
865.4985826877951
257.8156175898726
462.8272738003323
620.0306085148467
152.1136121640414
552.6150268433586
15.937414139560957
653.5146283024278
568.4086891891783
913.6519624837933
631.0983945865596
445.64983621615306
550.9909055582216
168.70837335363976
786.4942890947067
336.91061280234015
949.3321305780022
459.65823347130106
91.8795259067583
300.7448446625791
282.334136804402
425.7048381555536
553.2829231437443
817.6018726870036
960.123500817474
724.5363252522641
389.93233232881954
416.17856343877514
642.3717807813998
393.01680706948827
213.85466000884955
745.3174026552531
784.3188142672284
436.7261428088516
90.61488834290066
880.8108990635641
207.80986963066795
81.60611695774168
113.91472268015757
68.43644741497612
227.04046450699067
321.1664342199729
647.2798316974518
257.8668901606321
457.3349224314118
749.1494530309178
312.82215294015214
591.6714019920448
940.1683487856392
180.24730187555517
140.0716057025785
479.4423235122631
628.7735409658144
230.41102676586334
27.12954567672865
9.153730896172995
596.0582940668581
853.4860966342842
811.9038156445483
226.17757769790947
550.1900329256245
812.3543153472166
802.9433516716427
244.95385352206577
373.0891180829604
200.45753892637296
577.3979665991139
249.13138861667528
433.20323392155814
423.52348497936555
217.88647995065958
183.0663194185551
366.3196178302618
501.5096148827886
930.5650175693941
340.88540045304995
866.8038225915448
157.22639073959533
163.4439361292146
118.89171999299131
786.5365432461076
920.7962032512141
927.0107137621818
912.9110250216156
499.95342682913537
398.0499168802514
8.473235290481828
514.2462803039705
60.974975160802416
926.1580482353995
166.44615428016084
386.2297338203863
151.24667386707358
71.23912556760703
194.66049719301094
887.9305849602513
198.9924856395062
810.382907358307
951.2848029130607
852.3980300570227
333.9174449844472
784.4714622529988
64.70364196986766
923.8886723515824
35.977866508001945
708.3766012444172
47.10718323839303
711.8484261432535
434.4706887380926
881.5571950912748
974.0037803809515
128.98870536013519
218.77618415700528
754.7756230582447
720.7743688572533
246.6175770642004
33.22095662912405
677.5973142503802
986.646373242617
622.4563708218764
45.911207189241466
276.53328036359017
981.9718899554404
334.49288766735896
105.01887354422945
395.13041870441043
706.4529784247924
888.9924915580564
525.8862273964847
165.00993028303034
203.96481683808886
761.6088560366383
88.4469229494409
570.7993320662168
43.88509298449594
577.6059808944082
266.84504333709947
822.0989454460449
549.3457384856158
840.5243592375052
61.76563251615175
952.0691613164145
969.5814229160038
678.1931839039751
60.87379172515328
324.91966450927924
876.5564042297576
290.8120914445711
513.8916221134746
153.52787526099988
555.3095292930269
657.8952791835476
276.22538845106095
703.60834633915
52.9648881585284
589.1915917056645
448.6884731868432
592.3006322866894
853.1134291523086
389.26462893743366
420.7473315000533
476.73862750945386
850.278813380878
246.23678078108546
810.8520230179831
472.10903110373704
413.4381222457428
952.2715798151902
489.7945009285616
838.9025990617332
848.0765628151075
716.6896454777616
471.6710056332495
835.5068046179831
493.01248044939507
642.1825948264586
961.9081626502265
144.98372650957847
21.237184995172132
900.4110122687412
262.9444714921063
953.8228549504101
253.27170192452064
765.341583857982
555.5421480899504
585.6529600026174
937.0506160851256
440.999907056714
797.3371982953876
574.34327640583
500.1005507521291
54.88500764214122
110.1177219315047
198.61922137846943
737.7892618719637
279.11239071793057
63.45438348408094
794.2630930456227
765.6785766856061
788.4224364375742
204.68840058975624
610.1656075678345
334.52232995912146
167.51158335204764
33.91676371305286
580.9396035353109
783.2087816121021
939.7137417682443
377.4957195429618
151.5023108164788
487.953918677979
104.87983392949573
774.7175040245174
207.97796306434412
655.3106963992018
946.373954281006
59.69750272883911
244.4679155642543
702.0665137099511
895.4241745671909
794.1420094562482
126.6807385466826
266.8593570693223
925.637405652295
586.549684293927
201.1099010815587
106.35074247432452
291.3068282374719
619.5321582715303
42.392342571037524
743.0512706382287
420.2120758452782
899.3230049319438
831.6759128458258
752.4028212075782
424.9313056440559
840.175759368562
215.26982153903717
3.4786583944353966
6.255592284736933
801.2358193651738
505.5467733194846
0.6710439782523503
488.1159569274419
104.60293422197864
255.01111952701183
712.9934022320083
345.50386930624654
880.6842552482018
559.6428621672029
923.1322791765241
865.1858790120046
810.5705164868533
929.072136847476
180.14158693276815
513.5841846242112
465.0509973009298
198.83469501282002
897.6800685917135
177.01451526598544
476.0154767138505
753.9037868023855
3.950250274922351
686.5432713933864
218.37398910426074
282.8892637185622
820.0051977593314
943.0463474755229
29.259053901754317
388.74034725250783
519.8472860181896
517.6221406520594
246.15611029854466
644.48318335378
608.7504295484415
818.3315772196743
506.7425491819838
101.47033284672457
345.49610419186547
786.3086076022943
820.5973078826868
832.814067274772
929.7201728133972
612.604397813247
896.5760684805442
826.1210578757334
577.3259266806666
151.6991843613441
89.53044051969106
427.3411829335138
314.92678553130935
548.4360593781958
116.18154943163917
581.4883614631302
438.53912136912686
92.20094756119079
382.3418004564764
316.1869812002078
102.25439600801379
465.49365020756983
362.3112327285197
270.44247879382067
429.3769520282823
363.6051849913464
976.1577433270915
583.7301867390299
871.5218000128607
927.936355776311
321.7229504387013
129.44147793868044
280.4248417316126
557.5639288507732
435.57894924071275
901.9223029923031
302.7253248756805
441.9798875948886
980.7933244138967
347.7834620422505
259.73837052178703
592.5003825919366
889.2429780137478
569.858435379314
632.243345066113
240.660925216458
22.35021006889348
626.1288446736752
634.5713807866598
218.9848630129062
856.4968729154285
596.1337274714576
132.7833626403997
342.8322859452714
48.005754331208685
693.823756546642
338.48741851664664
871.607167722973
487.4608110623427
468.5166639272156
292.8529570962145
843.4203451820612
114.27091874800588
54.556122376524854
144.63562313160782
449.3769076813112
329.76415995051633
505.4706467073591
621.5360619130164
641.9760552534758
320.73332083984997
479.87544372875266
895.9724952150399
856.6828415940222
985.2350947226892
934.054733275434
254.35550724005006
66.55043746077583
438.5790584232685
20.107550955120068
593.210721898933
386.8426103080588
269.8250835053293
88.73541269049979
786.0033679658644
99.9262751744816
817.7401688260185
552.1957400516708
391.2762284667729
280.27393033910806
740.0495816775482
375.63976440478973
5.720168390184299
165.2367858526319
60.94872299315534
133.99932656687795
805.0548668860409
39.31875643064042
699.2259667349745
896.7822109493978
461.1042517640064
678.0029625564413
202.97900524212542
684.580995140843
675.2098576836293
331.7514648306226
46.790121665977516
878.7954104863323
26.13261178791493
821.6204298962421
383.3588457202053
760.0142077722377
694.8512990179773
565.0023064127806
583.9729294712969
300.69686711068954
899.174412378101
253.32742302511178
250.8315488719284
444.2418631291987
547.8389413177313
463.12762091316785
639.117796171823
365.2224828841254
706.7784257348567
697.6848463717805
587.8494179145965
624.5174327479917
959.4995934947973
228.55769633047174
125.92069590358767
708.258100492154
639.0155330666388
634.5998493668653
893.3803707835813
170.9599079966897
210.54020263940043
120.65375731023565
397.87359467438466
490.9006553872223
792.1578681817653
538.9241217231865
912.308759304221
789.7537761971001
914.9381147660464
533.1053912445237
512.1929028432742
768.6798447490595
144.47542792587032
378.65812945737554
349.71173058982805
569.5252331223141
112.58959577090477
902.1994116194658
766.5140587665504
782.4716415516067
840.9317520289238
328.79250166410776
258.29217536738423
490.42594712066403
977.4978295968676
27.991638705563094
621.6333497790434
65.63507515808664
712.5597124067796
907.8179605935273
837.249877901921
415.4555597317162
692.2818229440877
640.4127684865475
373.5784529339421
511.90336086435906
206.29870900725234
993.9349677902927
630.8717706601337
333.55423059450874
289.78727706005947
292.33950444786893
188.28879421943168
798.5606433499293
151.07461771949215
427.9942031733248
365.1225880092596
873.9964338653991
512.580848496466
911.6623540886023
362.1870224108178
809.4356227212703
35.90358627098122
160.19935528849726
910.5175447980841
361.617306495154
991.1088519162753
594.3811530191417
921.922837837459
952.2434696678586
725.8010310815025
147.60337686624868
109.55776042140309
932.4027034285803
291.3018640912103
470.7598004648563
926.5704945749247
514.8068886336483
791.2771172629182
459.4294082448749
457.00986795028865
478.9744016373608
632.4063194259803
726.5713062909812
85.56105987950569
454.6880409981906
877.1998139637881
297.2476196490312
871.311460252061
445.50133237791437
325.824399687206
111.46417888350169
555.6308909365268
266.7622691265099
786.8069786110198
887.0393760498774
45.382881359739336
741.5686486633875
235.74355414258352
516.48211081807
30.067420190169393
823.2649682034925
206.64846539003224
450.1797148260738
115.12723108171174
294.53530617592696
812.3366920179016
452.76723914307547
483.53356776522094
330.8428968891891
248.23988287897802
710.3696666119316
633.8995157944918
9.911733640339149
498.3145548408088
513.4791532757434
185.75199890833017
799.1410576439482
232.20879501283122
643.5494319036696
91.22638872620514
159.2889190857977
559.6113180295262
150.9601732065431
847.3305226074438
665.4565048150082
390.71504244694887
427.823817150208
464.0574946300643
465.3497206069036
640.9847281297261
351.178661228848
11.009856767583702
469.9903826968189
413.9261051557842
800.431129163966
538.8299292106977
403.49430174546586
597.3121007292563
37.481403979188755
51.614914540607295
726.2291865782698
16.328937467198767
278.7867006100988
992.6267909496881
489.61022443282565
401.363328991733
285.68613510104825
397.99118736440056
380.98677995709573
948.6594869406958
952.6325210811185
471.7114027484125
573.5190921635084
178.83223528926828
682.5458686168882
840.2068950214075
508.6384068037957
131.23115692666855
804.3239453496614
155.71812888047597
407.63064141847883
671.407363721289
409.61597176032683
35.30281354807041
134.07753915134202
834.4433869620818
764.2849011522807
545.7811933084746
10.33549600594952
678.6636875607403
884.5552822747056
574.870563063795
328.92744709352553
82.25169279606736
958.6627841638648
464.88284954047623
593.6680262303985
279.55639646986276
41.892653415383954
227.74076716211522
975.5382346106657
704.3804221572386
856.2143805591737
508.7019281013435
74.77049030484505
884.2978128437384
585.289941089355
221.0623502204092
843.3008185236016
713.0593072858841
271.45387816122326
435.24410434370674
440.68968385020446
417.3990119057268
793.3329728317132
673.0542278086501
871.8090335789446
930.0654503224547
431.09447793636355
231.5352926533222
486.03734195199155
182.65721726473106
710.8814608985031
540.7105149925113
805.4011398008352
39.85132338660557
560.8145699782334
845.6591148928507
693.0454823652934
210.8701665788024
808.0094513295464
695.740723778146
573.6120417720521
494.5409186271074
699.379993191019
822.4199757986629
273.54829941673154
141.05892881695593
438.5670551939369
992.0259329329316
62.067220308236635
946.5744587135318
697.1533800670993
330.9128198345771
642.4211489938194
935.9800622899036
680.3952848397969
437.8724982870448
168.3500363653687
134.78343797158087
606.022098318927
322.28087124913674
842.0086886558528
982.7087961072513
389.22483821853916
836.3441451891272
287.3732660832218
399.67711243811857
917.7757088038423
805.9426926106521
687.0728399166101
379.0740720778026
548.2902443232891
506.9541974854217
620.7863703427462
253.7215459361013
357.9646228650207
482.5696027962968
649.7920332359703
456.72704775412956
245.69056298900094
951.9986580357704
954.949573806943
682.3927551285622
192.27075186737918
222.09490146819022
754.3430956747228
841.6240391990839
861.5279850386983
580.8118429817894
802.0061748667897
101.78484458500469
252.4217202929393
125.03615707959248
0.5966829561303566
602.7052881085725
296.85545896814693
855.2254859462863
48.584198714685776
148.55469717110648
138.679770450594
155.41161056337415
86.4579660658077
289.5508224409139
326.46463799932525
469.5128728182079
506.65873301059105
727.9842672572778
305.93660978981075
583.5320486034334
448.38342197941506
909.7945344167772
407.54541525603236
428.0989009504372
11.106125418550716
995.9419302982689
990.4455002365736
726.9495935219944
889.6052821875329
147.07796110685956
526.2484228483864
134.31766067763405
958.4812707200715
200.52373511369314
184.22177348587098
727.8443240992051
315.5945556624459
370.3246307009809
914.1813528376184
853.4985298389852
431.54948715700704
559.1564371047556
114.14297481148272
355.1301371050658
346.29435129955465
235.1167651495578
716.8708707486875
163.66217804738093
304.1037552250021
596.9428979667325
932.7801844058238
69.56120344436
824.6541408066604
927.9549564019756
946.2209274480582
257.1076278520784
970.5991687474418
622.0315736702967
577.9913239298265
840.1200636161708
490.99681373371305
354.1825845810771
298.9989792838447
206.1718067892704
595.1351851864387
263.7911903612999
8.30800473619786
449.9687685427188
342.74942638658723
820.3561243095108
673.381332087595
556.442581005427
24.31763677951504
249.57174135623595
271.147120326807
280.24416262316896
449.0687885123209
11.842235809228718
465.5887389553106
860.7066671949271
758.5309776998024
845.8332848626076
110.87832972560597
809.9788715293336
239.89364631615007
316.42334578341666
978.6435940668437
16.913748812974696
626.152915092932
639.4234595345852
73.77877588887061
320.42874142163214
538.9541512123557
794.6928009666669
525.2799791211385
523.4378729303468
55.24165331927866
584.7854880658202
316.90629759287236
542.0884783667507
860.2700673954547
348.0206809544852
57.03780778891032
14.917505845037926
87.22798121111586
492.87735496180585
577.9222777550934
232.67645070219612
737.6692346481962
884.8717331775498
401.5722875073268
691.955346169088
527.1427371471522
387.5837275279701
12.895483486642156
924.3700231495808
106.85706147005847
536.2566581928497
440.2099365677026
507.95945977016896
874.9112782569763
405.4018352071169
859.1181376895311
328.57251208170044
9.568691602583002
221.0979175844745
807.7824130736768
226.40657451590263
932.2460175491047
164.18251122395145
129.9654359354404
136.49327230627395
139.33482020091205
112.29125539327988
946.769594886561
711.8090917499018
229.6684839118043
776.7076340220455
798.8296515820834
203.82193771618162
998.3926015621917
804.2443810396832
597.7826977487457
67.6669281189879
668.1919166263198
934.8852842096902
179.16049734921336
357.77818460803945
685.2729003316906
232.67392270242837
58.419280483791084
484.68548391025723
20.195692879487083
740.343802345926
457.6422977145187
314.81819648113816
582.5948140072339
647.4419128530577
792.5208425077001
912.5409781773209
184.0231438077451
207.20599622797263
587.539945825254
447.2791916680049
464.59932215982957
189.2130713711223
221.86470608780706
918.4743797591626
336.83354346946504
612.8249139793483
999.2444302538499
387.24308084990633
793.9526102114777
870.7141702916123
782.3210301448132
345.99521172384385
380.2397592223858
122.26199201564303
835.0493017963202
705.9007126660993
227.35085613281635
13.3766338509278
576.5065511768531
636.9764508899198
323.2629364989419
362.289508277299
665.1893946329348
156.69776701956695
599.4575270904903
440.1438292462265
204.9660992667992
930.4218968153423
497.135177465048
870.6979337395258
892.1729410819752
220.54376173862778
904.7043709098702
975.2239708064702
607.9132388825302
301.1868966305888
746.4817579184822
596.6897922137346
300.4385358270747
941.365194944252
46.487514461460044
51.570234551036485
999.5611196842731
751.934299294691
991.4137450548845
878.1412696511348
458.3678578809601
290.2841025179569
373.2897271767454
476.8690430871231
227.07514781906258
821.6061754736138
805.0629255359605
571.5125943670082
929.6858073317727
546.7036416159839
271.26031395588757
658.8180358654221
136.17818293682282
923.6931095644369
901.0893476943612
260.1887348701076
501.27886827724046
434.58131652295606
332.7836882224373
840.474721998196
775.4400576726254
777.5820545502019
675.6937672894438
717.0315037709236
884.4634369492625
2.1716589563954836
870.5680223322423
146.45724870284604
521.2823706987889
546.2640272176553
198.66535280244392
46.9241897701691
596.7348593789542
483.51935909490527
796.7851676527586
490.7784837407805
455.7297167920271
543.682954797719
297.9965150021704
185.09037989593202
981.0288803518107
629.9840708455345
136.7930254531008
647.0945394408691
578.9390426267837
625.0067940987218
632.5958053656243
676.9676991100771
569.526389564068
250.07828250389952
696.9717620867173
32.149286854578854
688.5377776499054
623.1024055555821
897.6301296864596
915.4180772982777
249.03302516888849
945.8993794650318
656.205057057606
3.195697059436342
7.802466000691455
444.49520640742224
557.0278398538782
261.05581465664727
934.9645727775146
284.4372081821399
100.53748687931396
720.1756848177783
894.708958613404
688.0948991622947
747.6733764401704
721.4743178818691
710.9697126534363
892.0383648888031
770.5395983960854
873.4393884649859
213.88540717854
899.96870934343
249.82539015794447
115.15321776204956
641.2211351211029
210.30854063352788
540.9116925190144
827.7852259580374
203.49940967259073
827.4429592891098
668.289066979318
895.8268821362274
712.4063906627092
901.7339747788276
401.85753677044124
983.6021899497957
919.1103330657544
285.81489628831594
218.87411559153801
63.09547602621557
612.4497107914258
143.3034900747905
961.75943737138
405.89510342167847
586.5184236876465
500.95532615277205
764.6697156760105
835.0601417022557
302.9960544158926
296.4123179214896
740.6859116169594
21.974827731345513
445.6415743982822
41.083590527924315
996.6675355079147
8.76315991351806
592.6885338279594
691.3287473459417
774.262906986924
938.5939583435409
917.4512770879891
700.9965491799818
903.2642589244173
184.21468739666778
168.27060168836238
514.5051415840965
297.44023241927465
679.3097393304013
175.9988755226828
952.0318613146046
923.174558795306
277.78713305920724
790.5441754940639
37.01446755227489
527.6841556446733
392.85514169129897
457.5634011890064
821.0478455625523
426.2861582097346
0.7583134653986745
612.2150585502008
672.3933680084734
817.1276159428539
333.2997397209876
688.9522189144728
311.7005032605199
416.988013370448
228.78511312315052
824.6566774681758
602.1735400861428
693.2091030762142
162.7810250023105
266.985802170015
731.2990831422256
604.5027006156322
438.08818670264225
90.62354736690304
957.3819806142833
557.3315996077641
877.5881275283703
71.19778287369705
536.5217033905504
234.75473446375372
634.1295851472642
469.9458796795136
794.2920630721384
61.07280872196019
408.37862078331824
41.78166265821548
561.2719844826975
328.3055489242478
448.56429729306404
795.2360955420187
352.7061034498769
429.4778784910862
195.30989599892723
904.8152484645591
739.9579778111787
218.8866976060634
330.2467768439912
704.6390247446863
335.05102968625897
250.9659117609352
288.866490221262
876.7942813808397
689.4748576026525
537.0625189569856
6.074183926608856
788.6568139929516
194.56829624241445
503.3815098513568
777.1642499075805
430.50634394040753
763.1723109401324
33.55336768032979
637.4469863884717
558.079586851136
670.8792934042773
835.7224827832306
590.5129158534597
454.27626892910223
440.088220070464
886.7507257171503
348.12882142719405
190.05352731630597
61.207340718743566
375.07526480007436
984.0183017429201
386.6145745000087
162.7295345496843
388.9554950062355
49.28621056033889
259.3173474391626
965.5378941357062
578.2888773232042
249.00519763612616
158.29981336944132
986.681934858742
155.87076305829072
737.4899167644478
911.6383564538759
493.99788489767883
897.9191643731704
454.0422675449862
23.92627893614052
655.329103085806
253.87999337929224
691.4589167729491
186.479710231943
174.7354695718759
281.9740606399985
266.35039278619377
614.948440385143
962.9634332756401
889.6423713636685
243.32826327120495
445.9296785423752
50.581653158843224
776.9914905750909
154.37548439287374
796.25293122012
519.5688703824007
556.5361012301006
50.2221601557229
116.9243971745827
702.7749231114766
753.9810982715728
522.3071045156667
158.2899177710616
280.5573751502073
782.48118345492
41.91345854056505
203.79542669400297
190.0298421084593
526.760803008909
577.3241212600911
226.7945752635544
454.74036695951725
873.6728631566705
470.3508594250809
278.17314530258443
141.2315346280819
382.21989431863744
980.348699638115
722.1303266331759
653.816261984045
298.7568244013922
736.8349040461242
903.2774540363636
490.0365904833808
292.03934107208005
581.089800926709
450.2846983311224
396.65518302477176
607.9777753676127
922.6243880061678
699.626873926314
589.6621191988812
825.4011849090696
788.1576048700251
657.5495302609827
331.66260656630067
31.832149163316448
198.75393002319132
509.1973270901886
696.1439477764605
32.217625453325184
375.02972154416693
930.9162078282568
790.5025838378484
153.7567365972291
540.8444133501389
365.06200175649764
58.34546476261926
316.41173468874604
772.6510171031284
976.2178097047265
536.4622194677391
301.38387883914083
424.6872914801454
223.54325791222064
102.99794670248063
568.7803557881871
149.44779356499794
856.0487275305668
820.7385139002719
550.8951927337976
428.3839769964277
665.9080853341022
453.05413066312997
78.97096730679354
829.5377817785528
519.4937331126922
109.92872417260358
489.0043449443767
916.821849075421
26.638286761964668
767.6359210656776
996.1035225168781
849.9172763252122
705.6970865951298
98.00568449664604
127.10066142556032
234.26773342361074
655.3065626977648
641.8574506162718
357.5685307063535
707.4064617145368
553.3033556861083
866.0592784965223
612.0845875911208
80.86050191534633
269.0897972486952
54.805150985249625
955.5327105926715
596.1344448927603
497.8011131123613
303.08505006116394
628.4262864871346
998.7836382615089
602.9508928614116
103.9555985392333
560.6833858167316
686.3448273557041
288.8005788883061
151.10174815962284
635.9786511060591
143.89943932805926
814.520192595366
14.312708818974617
272.7428558111636
245.30363735936322
209.27670984672153
287.8784275002301
338.07587659175573
768.6257058849187
350.70790483755286
660.5452909369147
17.28411317312517
651.0903437608067
828.8088253703291
110.5529078317572
24.449099438694777
91.83651044782538
233.07885967929064
90.4065579390031
458.37901417614546
600.0535112123594
872.8480408029042
133.42245963686938
683.490003566263
481.56805245580745
969.0204232614788
787.716358435584
846.6102511994152
58.712228023641174
40.04390295312077
163.1880496294509
28.393922723153775
126.31097238008005
545.7354283001761
663.1878671069244
571.9784497758934
760.8845758417884
849.661119190152
664.9336918089259
831.7135104661132
620.670306370362
214.0909545495192
11.379730356191441
441.2352100464054
300.8244587289474
851.1181992273218
182.12164888728643
212.85445501395773
141.17443068267664
19.354169213316673
922.0547118114579
949.1740933239398
123.14790432516986
777.6785807178609
923.8851117983392
773.0441388577824
138.01409553824527
285.84693278026697
884.226765272117
63.41009788383556
960.3301919287094
476.32609501197123
882.8995267879761
722.3048172858256
718.4930243174089
512.5497469947845
571.1768272926453
292.17915529748797
518.5551362486801
695.8556496730527
97.11374330956379
392.96246157306626
147.97096167135004
386.68699630754253
44.71962207754587
54.68910784668157
462.69744207782384
65.21054451804208
918.6221596738376
784.2223865086036
144.08089232470732
872.3241712764254
867.0017783309892
623.5529160252122
1.2198535211189743
844.0975138465556
402.9595388662947
32.34312838586284
890.0013067012775
581.0086154800662
858.1130962495668
158.83590684219695
621.7658863681062
277.91100848133124
182.0990679844453
950.9396260734496
942.564855166285
881.485028307046
487.79222542657595
603.2478938901198
778.2299044975682
638.9977432294407
434.43559447823645
35.94719364343857
460.98481090979715
455.51682559867623
139.50748171973703
458.011495604273
580.0850979344391
286.29267320947463
815.0347691081978
579.7771807127269
431.9803330874773
256.84485127876013
735.1946822489533
708.9382351852822
784.7513544155794
325.35813245932843
459.429604121534
789.1959207329481
817.0820023973203
80.31441528838424
458.9328383347253
422.24308550970227
643.7837832499689
700.8567245750913
424.24570555193253
51.45807945141145
797.8986430603011
198.20202429926815
567.8391757618938
779.629288369532
403.6633394375701
803.4897360485617
177.9363677683462
743.2255790954708
545.127030043453
770.7732350091374
528.4645382461623
572.1743572347934
511.97062720737773
923.4320718358282
4.908632716328021
226.80342656962515
187.08530922879106
988.1025420072324
966.9705615316874
422.5485191853191
829.7244426976202
132.2950740425082
436.32189685794776
928.2237329764621
903.551766619499
150.18679706864367
171.36990496518368
255.09706399943622
400.66596357527015
425.6482903133044
70.84005649516001
641.709096288556
320.6898711443461
142.38336243822968
134.11066720451416
783.3176101765329
578.2700931637686
208.13173907598903
398.6184690088478
455.0466270318497
632.8411302942005
13.20408518087335
373.28625055546917
34.2636590236477
561.2650531406351
453.1896413699277
491.8071155791838
940.4038707640195
126.96676510799531
611.496749644252
20.75204646386264
179.40576695803168
638.4414716035459
119.45708445286618
674.8510566550177
505.1178848566106
35.519646884463626
490.04465552662066
915.4300650956212
191.4813271762148
693.5324107438408
655.8306390701566
537.8695433861918
46.988686111536396
893.5275840933872
532.6161350579763
690.0827846744453
96.86447710604106
770.9453499580425
677.2543881295637
906.3950178475211
308.60840867712125
825.6693050051274
11.494977162066489
89.83751487307067
842.9872643532358
753.1274419764804
143.252545128023
630.753059794538
575.2572323320832
439.1244554801796
32.5229537094236
10.742557378291329
50.34325228284109
450.3454676215336
621.2399189078137
308.364997067479
610.897591965989
247.97857745791086
574.6860043247553
996.6361673531285
168.60507792669443
653.6613671903295
466.6413807367773
302.25379779935236
976.797720874004
804.964752664671
581.2748948792578
182.61005340172275
806.3867931799991
951.8850199435745
1.8516871475914298
669.035118006761
127.31576302297798
966.3227355194049
809.652047692218
923.3479950772423
254.18265844035238
363.2852763552217
26.06698589408385
859.6741748733834
927.3759613921134
965.5571181959268
396.65539582537366
594.6215763087002
470.0133761144726
82.8404154157526
238.01903808463197
306.29032675536627
486.16782226912716
221.8755380844969
346.6708626368483
306.2235616329152
47.31106806754448
895.8096053384845
403.64353600469485
258.2898886575001
451.59972535224813
59.088537667085774
399.40435623103264
514.6208167499576
934.5744389258376
58.40623448787397
350.71381045884544
481.10916106698045
160.03821481509183
760.7518858832957
984.3849321252959
773.6075014539915
926.3248705139716
696.3547132309724
122.47107617635078
680.8482679488516
285.86415061210835
637.3329039460942
219.2300063193171
111.24005647824609
194.89544813103242
22.111591179260092
872.2825165612488
768.0775806242566
885.3770520391935
31.18201446626234
158.70410072456465
771.3352710995695
382.5835074847167
921.5327618853705
331.35846808967773
324.09768841404343
979.5787308707729
435.09061726045974
751.6022341077135
307.81243895123913
23.698114391840885
710.7675175055432
931.5599236790222
882.9341786787872
70.36765784665933
150.2167863732905
212.48938835146558
270.1611496598004
316.0341612997437
114.16092001851285
915.3275929798879
892.3485522162284
234.67524178637532
159.15963091795004
765.32702162553
968.3156566993857
511.3035912166638
763.9458252063791
14.763805970694598
467.14657390009086
691.0751447292813
139.9642091466089
966.018155128776
55.21740633218486
444.0557087771028
772.505646008554
531.8986244657713
298.0651535532788
983.3970880496797
796.837547782471
60.9021018528636
915.3466903802631
968.6172603936106
177.98910949794654
902.1709934313254
329.51907929116095
175.8763250992986
933.3573952543409
88.23026717081794
97.50483633404394
323.5839526483606
314.0584144654437
73.15681081023095
69.48904850522808
704.3698851490423
943.9551176824071
679.6539779421424
280.12805400484433
693.3944410532362
404.55191720198
280.57459128781517
644.831700324641
778.1710398538888
649.453449834661
768.7559114989674
507.4144490843282
486.5180932533509
933.8425512985785
53.600312126946605
965.2936237171804
476.9532236726943
652.4409494869142
663.6561184577333
684.5450471467831
99.78768546259398
593.6733698239748
531.5225858911795
609.5100823200165
937.3744496848533
638.2639344610607
190.72421817148665
570.2804651169566
188.40855227295484
857.2513635461443
423.76936820464897
296.2698266647821
273.873772610537
297.4174453007403
866.4284254911586
755.2143345096782
711.1750133500989
481.3808466997952
195.3375465331464
54.32723407626794
128.1907734212352
795.1163779374998
304.3535017409662
363.96456957161985
270.42585792726635
487.41755651556895
309.6566255856509
454.0432288656093
992.1395204897758
963.8279791293203
314.4179383990211
469.5839497098685
516.2695690489325
421.82501878332835
610.917683957394
514.1359027223174
698.1681977333861
644.5471097949273
401.3225185423452
458.47131050334235
634.6110014210791
947.1138711798615
177.8989293724389
146.82232517892692
722.2354151147117
852.5953721682062
619.2607955153794
834.0642240858559
188.51050029331896
63.94610641531351
231.31916870788527
254.6326950206139
193.5350699571936
693.7253643351057
989.9231048899627
197.59491768228133
832.4068399535959
515.1848747746097
926.7501401780711
842.1780617432328
755.6000964368864
206.3115529581253
940.8254463879904
394.19024403138667
668.7350959205723
172.6714132274113
115.11953795094144
756.1531032082522
673.3173665878855
555.4085434630308
470.99398011679995
62.59723640996129
266.47089646965304
457.51026967408836
402.8352220895406
916.8546745079802
830.3840131282254
254.45854396669665
1.037121989003409
76.81541216909594
611.1321005225304
94.6440691262873
93.5626154541519
154.49806867497384
511.73729588238257
340.4288096713013
114.63581131346368
617.9169775176186
505.76934008562023
752.4991170494466
843.685802809781
13.611637193796877
115.48863228453443
678.1606330357755
648.4835852518439
864.3363284315524
192.47640721204874
368.4830047094515
113.4844008297351
138.79146507986283
188.89331024167967
819.7109272200499
837.7076217232946
538.9101270844641
213.95219934403954
211.1155490036839
746.0566471847676
105.09702415500843
432.88712223895976
94.46784145313325
473.80199057093597
800.9488941921569
784.6448528330754
979.5742539704019
256.0204868358956
806.369208711891
569.7212079982905
855.8213738641792
282.1043267267656
221.62180644850628
191.0099200557146
491.43561900612286
660.0237072173907
764.752042275305
218.22612850580325
60.17060669208873
975.8472173427109
830.9356170941516
990.4133614834653
759.3934586332023
931.0944459426325
974.6992584868348
171.23667478604466
604.0485368633874
693.815583679684
474.5891131233595
28.21102186008828
507.7354917920588
408.8631748733906
144.74681385293897
719.7087099099158
95.14576177547418
778.6412379636481
968.9842879410943
542.5353543941455
429.3596262705572
747.687670449738
450.33309417643073
918.0588398091415
983.0144179580763
102.76587364881141
792.6754567110953
876.3211887800371
734.1108013642286
234.71191765896938
160.94740302487077
935.2587999801199
225.2336100982626
399.1038853637963
302.53775397731584
566.101299504765
789.2201347548047
559.8904351889877
754.8884866052546
886.2152567923944
914.8173630234047
303.4358821001255
712.9359353257234
827.103443593793
902.6271994478434
370.00915540904424
384.9141378839305
787.9666944177599
544.6465650954327
65.56478910777696
326.1750791310033
704.1796764073083
549.9669606900848
188.7341157552981
808.0631947368737
535.2281680516344
834.7061814799364
136.26502207753344
752.5141772103943
408.0996816954763
596.0023998729891
534.7192963297583
142.93111653028257
39.815840311863916
297.90872145572087
87.05663652546403
108.0239347577162
606.7389766780626
311.2842733867143
319.80471872904104
67.6803570590766
928.4817909139523
970.2854840975259
569.8352861365495
428.57020796406977
690.6934079820446
234.81917499200944
859.3361483620854
322.06700881590524
443.69094945265675
981.3267974655157
273.38952790433814
788.2040495209844
282.851149379874
183.5271038051264
76.6376568342937
626.7647204514087
441.8710958743558
890.2522168407053
83.83638978003472
860.2397829619143
511.4536395137589
959.2698480242569
733.6682748985295
383.2671463315033
633.6672494789113
963.9923963288304
906.0068355254515
909.3022772035288
816.1762309643673
554.2314088443377
769.8938509894073
767.6504292413331
460.731741212716
822.6634727119541
852.8120499338081
452.62477518747835
306.76035392777203
905.4318119416344
81.40569601859693
81.4767143713384
253.5810889259743
128.3154300011613
759.6220226506175
78.87848523698315
943.728137222392
499.1553149081095
322.31686867725364
473.1199348647618
565.0511715215831
242.73561884575767
230.68758472663987
162.8149835551185
60.71077579968798
376.0745591826634
560.4677042750405
392.7953960532664
823.8816652064681
30.088757691295598
674.6369961555332
464.00307606340294
997.9218929541743
337.8516376063466
869.4715531205632
394.5740633838586
702.9611558163546
230.1745674900997
36.07875261824445
847.9410115453692
866.3072385605665
405.99764850037724
189.1321303070044
148.6630886143705
846.7641809974737
78.08425509790683
180.3414340152868
617.8255080292079
711.9018746760806
833.7715956353513
36.26379308507044
777.2335463359206
852.5114001493441
96.03736223874282
138.3819128316578
195.25864083635892
599.9261525827993
221.90022734222393
897.9456633992963
877.0769824548332
649.5841086592279
233.17985989552113
668.8935868311538
138.17415108768682
388.15158045405684
538.8998902002826
389.2414556622047
842.3716200325641
671.7244954980756
779.1250273602323
844.6452016161942
734.2641411377272
209.06822099588663
96.78162547424452
507.4155026592718
350.8398464678556
466.552689345207
727.01818206572
620.0822032213913
658.1874400571619
930.38432336671
782.920919011825
564.6768173074552
126.57795407953788
636.93208916909
511.9066280695601
587.221268233368
430.84111972406845
113.38995538617947
98.87319121287707
631.4822568549399
342.839542007364
258.7138530681089
300.1960457742325
376.8697951428675
668.976154071458
238.71551169971085
806.9163260227414
572.4299194397036
278.05382716077565
169.39234677249215
255.97453429190742
412.201071476878
363.43850088597327
219.01646902884497
235.10149692425864
6.774159969520355
88.35990705453789
772.2021648409652
459.9855513897796
971.7169972743693
674.3170829929978
468.11588257216243
541.5936708374728
775.5934819008761
809.9385575372695
250.18859300852924
407.0310741829803
768.6289229911705
981.2796278480829
46.13536138754149
489.0826679218641
747.6424162079331
954.4226157023843
334.7822364776364
257.586218060419
503.68840044119565
177.37783491936344
650.146247788482
530.0465530709132
45.918860185851784
310.6671212055389
23.40933243187515
269.4063762402651
98.49887424612969
444.6029267384151
469.8720589602506
253.64806573048182
26.97784581857765
816.1606760600351
890.6691644684346
84.90845271654813
566.3394343979435
999.4730157513234
177.97329743037892
495.04581167674667
595.0232923117885
611.3590992767253
