715
962
725
959
388
81
947
138
316
340
588
617
132
96
341
113
426
511
266
638
969
256
875
404
855
896
436
324
887
701
283
489
327
395
754
6
837
645
653
134
610
545
293
271
520
208
203
971
80
584
192
189
396
377
537
997
139
264
664
32
698
203
149
855
984
2
371
425
98
230
751
808
61
473
468
694
747
713
114
193
996
962
605
658
21
863
361
318
414
365
42
727
198
900
898
226
849
683
924
141
841
511
574
565
674
599
547
401
207
655
726
135
339
768
11
721
978
624
391
372
30
467
256
125
173
725
758
7
695
154
873
725
701
189
460
696
805
961
439
710
90
623
987
40
632
501
583
599
670
663
839
602
84
301
196
734
708
273
614
394
725
35
101
933
706
531
48
247
521
778
300
281
23
893
398
841
16
350
428
430
381
545
166
93
350
961
890
406
975
453
189
918
368
370
421
737
283
461
371
715
